     Temps  Consigne  Position  Commande   Courant  Vit. Axe    Moteur
        ms    degrés    degrés     Volts        mA     rad/s     rad/s
         0       0.0       0.0       0.0        50                
         5      10.1       0.0      21.1      4550                
        17      10.1       0.8      21.1      4300                
        30      10.1       2.3      21.1      3700                
        41      10.1       4.0      21.1      3200                
        52      10.1       6.5      17.0      1650                
        66      10.1       8.7       6.5      -550                
        77      10.1      10.9      -3.6     -3250                
        88      10.1      12.5     -11.6     -4600                
        99      10.1      12.8     -12.9     -4150                
       109      10.1      12.5     -11.1     -2550                
       120      10.1      11.3      -5.8      -800                
       132      10.1       9.8       1.6      1300                
       144      10.1       9.1       4.7      1900                
       157      10.1       8.8       6.0      2000                
       168      10.1       8.9       5.6      1550                
       179      10.1       9.1       4.7      1150                
       191      10.1       9.5       2.9       550                
       204      10.1       9.7       2.1       250                
       215      10.1       9.9       1.1       100                
       227      10.1      10.0       0.3        50                
       238      10.1      10.0       0.3       100                
       249      10.1      10.2      -0.5       150                
       260      10.1      10.0       0.8       150                
       270      10.1      10.0       0.8       150                
       281      10.1      10.0       0.8       200                
       292      10.1       9.8       1.6       250                
       304      10.1       9.8       1.6       350                
       315      10.1       9.8       1.6       400                
       328      10.1       9.8       1.6       400                
       339      10.1       9.8       1.6       350                
       350      10.1       9.9       1.1       300                
       361      10.1       9.6       2.4       300                
       373      10.1       9.8       1.6       300                
       383      10.1       9.7       2.1       300                
       394      10.1       9.8       1.6       350                
       405      10.1       9.7       2.1       300                
       417      10.1       9.8       1.6       300                
       428      10.1       9.8       1.6       300                
       439      10.1       9.9       1.1       350                
       450      10.1       9.8       1.6       300                
       460      10.1       9.8       1.6       300                
       474      10.1       9.8       1.6       350                
       484      10.1       9.7       2.1       400                
       495      10.1       9.8       1.6       350                
       507      10.1       9.8       1.6       300                
       518      10.1       9.9       1.1       350                
       529      10.1       9.6       2.4       300                
       540      10.1       9.8       1.6       250                
       550      10.1       9.8       1.6       350                
       561      10.1       9.7       2.1       300                
       572      10.1       9.8       1.6       300                
       584      10.1       9.7       2.1       350                
       596      10.1       9.8       1.6       350                
       607      10.1       9.8       1.6       350                
       620      10.1       9.8       1.6       350                
       631      10.1       9.8       1.6       350                
       642      10.1       9.8       1.6       350                
       653      10.1       9.8       1.6       350                
       663      10.1       9.9       1.1       350                
       674      10.1       9.6       2.4       350                
       685      10.1       9.8       1.6       350                
       697      10.1       9.9       1.1       350                
       708      10.1       9.6       2.4       350                
       719      10.1       9.8       1.6       350                
       730      10.1       9.9       1.1       300                
       740      10.1       9.6       2.4       300                
       751      10.1       9.8       1.6       300                
       764      10.1       9.7       2.1       350                
       776      10.1       9.7       2.1       350                
       787      10.1       9.7       2.1       350                
       798      10.1       9.8       1.6       350                
       810      10.1       9.7       2.1       350                
       821      10.1       9.7       2.1       350                
       832      10.1       9.7       2.1       400                
       845      10.1       9.8       1.6       400                
       858      10.1       9.8       1.6       350                
       870      10.1       9.7       2.1       350                
       882      10.1       9.8       1.6       350                
       894      10.1       9.8       1.6       300                
       905      10.1       9.7       2.1       300                
       916      10.1       9.7       2.1       400                
       927      10.1       9.8       1.6       300                
       937      10.1       9.7       2.1       300                
       948      10.1       9.7       2.1       350                
       959      10.1       9.8       1.6       350                
       971      10.1       9.7       2.1       350                
       982      10.1       9.6       2.4       350                
       995      10.1       9.7       2.1       350                
      1006      10.1       9.8       1.6       300                
      1017      10.1       9.7       2.1       350                
      1028      10.1       9.7       2.1       350                
      1038      10.1       9.8       1.6       350                
      1049      10.1       9.8       1.6       350                
      1060      10.1       9.7       2.1       350                
      1072      10.1       9.8       1.6       300                
      1083      10.1       9.7       2.1       350                
      1094      10.1       9.7       2.1       350                
      1105      10.1       9.7       2.1       350                
      1117      10.1       9.8       1.6       350                
      1127      10.1       9.8       1.6       350                
      1141      10.1       9.7       2.1       350                
      1151      10.1       9.7       2.1       350                
      1162      10.1       9.7       2.1       350                
      1173      10.1       9.8       1.6       400                
      1185      10.1       9.7       2.1       350                
      1196      10.1       9.7       2.1       350                
      1207      10.1       9.8       1.6       350                
      1218      10.1       9.7       2.1       350                
      1228      10.1       9.8       1.6       300                
      1239      10.1       9.7       2.1       350                
      1251      10.1       9.8       1.6       350                
      1263      10.1       9.8       1.6       350                
      1278      10.1       9.7       2.1       350                
      1291      10.1       9.8       1.6       350                
      1302      10.1       9.8       1.6       300                
      1312      10.1       9.8       1.6       300                
      1326      10.1       9.8       1.6       350                
      1340      10.1       9.7       2.1       350                
      1352      10.1       9.9       1.1       350                
      1364      10.1       9.7       2.1       350                
      1375      10.1       9.8       1.6       350                
      1386      10.1       9.7       2.1       350                
      1397      10.1       9.7       2.1       350                
      1407      10.1       9.8       1.6       400                
      1418      10.1       9.7       2.1       350                
      1429      10.1       9.7       2.1       300                
      1441      10.1       9.7       2.1       350                
      1453      10.1       9.8       1.6       350                
      1465      10.1       9.8       1.6       300                
      1476      10.1       9.7       2.1       350                
      1487      10.1       9.8       1.6       350                
      1498      10.1       9.8       1.6       400                
