     Temps  Consigne  Position  Commande   Courant  Vit. Axe    Moteur
        ms    degrés    degrés     Volts        mA     rad/s     rad/s
         0       0.1       0.0       0.4        50                
         5      60.4       0.0      21.1      4750                
        18      60.4       0.7      21.1      4300                
        31      60.4       2.2      21.1      3700                
        42      60.4       4.1      21.1      3150                
        53      60.4       6.1      21.1      2700                
        64      60.4       8.4      21.1      2400                
        75      60.4      10.7      21.1      2150                
        86      60.4      13.0      21.1      1950                
        96      60.4      15.3      21.1      1750                
       107      60.4      17.7      21.1      1650                
       118      60.4      20.1      21.1      1550                
       129      60.4      22.4      21.1      1400                
       140      60.4      25.2      21.1      1350                
       154      60.4      27.9      21.1      1350                
       167      60.4      30.1      21.1      1250                
       178      60.4      32.2      21.1      1300                
       189      60.4      34.4      21.1      1200                
       201      60.4      36.5      21.1      1200                
       212      60.4      38.6      21.1      1150                
       223      60.4      40.7      21.1      1150                
       234      60.4      42.7      21.1      1150                
       245      60.4      44.7      21.1      1150                
       256      60.4      46.7      21.1      1200                
       267      60.4      48.8      21.1      1100                
       278      60.4      50.6      21.1      1150                
       288      60.4      52.6      21.1      1050                
       299      60.4      54.5      21.1      1100                
       310      60.4      56.3      19.6       700                
       321      60.4      58.1      10.7      -750                
       334      60.4      59.8       2.8     -2900                
       345      60.4      61.3      -4.1     -4400                
       357      60.4      62.2      -8.6     -4250                
       370      60.4      62.3      -9.0     -2900                
       384      60.4      62.0      -7.7     -1800                
       395      60.4      61.7      -6.3      -850                
       406      60.4      61.4      -4.6      -300                
       417      60.4      60.7      -1.5       400                
       431      60.4      60.2       0.7       750                
       444      60.4      60.1       1.0       650                
       455      60.4      60.0       2.0       700                
       468      60.4      59.9       2.4       600                
       479      60.4      59.9       2.4       550                
       490      60.4      60.1       1.5       400                
       500      60.4      59.9       2.4       350                
       511      60.4      60.0       2.0       300                
       522      60.4      60.0       2.0       300                
       533      60.4      60.1       1.5       250                
       544      60.4      60.1       1.5       250                
       557      60.4      60.1       1.0       150                
       567      60.4      60.1       1.5       200                
       578      60.4      60.1       1.0       250                
       589      60.4      60.1       1.5       250                
       600      60.4      60.1       1.5       300                
       614      60.4      60.1       1.0       200                
       625      60.4      60.1       1.5       250                
       636      60.4      60.1       1.0       150                
       647      60.4      60.1       1.5       250                
       658      60.4      60.1       1.5       250                
       669      60.4      60.1       1.5       300                
       680      60.4      60.1       1.5       250                
       691      60.4      60.1       1.0       150                
       702      60.4      60.1       1.5       200                
       712      60.4      60.1       1.5       250                
       723      60.4      60.1       1.0       250                
       738      60.4      60.1       1.5       250                
       750      60.4      60.1       1.5       250                
       763      60.4      60.1       1.5       250                
       774      60.4      60.1       1.0       150                
       785      60.4      60.1       1.5       250                
       797      60.4      60.1       1.5       250                
