     Temps  Consigne  Position  Commande   Courant  Vit. Axe    Moteur
        ms    degrés    degrés     Volts        mA     rad/s     rad/s
         0       0.1       0.0       0.4        50                
         5      10.2       0.1      21.1      4750                
        18      10.2       0.7      21.1      4300                
        31      10.2       2.7      21.1      3600                
        44      10.2       4.6      21.1      3100                
        54      10.2       6.5      17.2      1700                
        65      10.2       8.8       6.2      -450                
        76      10.2      11.1      -4.2     -3300                
        87      10.2      12.8     -12.6     -4700                
       100      10.2      12.8     -12.6     -3900                
       112      10.2      12.3     -10.0     -2050                
       123      10.2      11.0      -3.9      -250                
       134      10.2       9.6       2.7      1600                
       147      10.2       9.1       4.9      2050                
       161      10.2       9.0       5.4      1800                
       172      10.2       9.0       5.4      1400                
       183      10.2       9.3       4.0       950                
       194      10.2       9.7       2.3       500                
       205      10.2       9.8       1.8       250                
       216      10.2      10.0       0.9       100                
       227      10.2      10.0       0.5       100                
       239      10.2      10.0       0.5       100                
       252      10.2      10.0       0.5       150                
       263      10.2      10.0       0.5       150                
       274      10.2      10.0       0.9       150                
       285      10.2       9.9       1.4       300                
       295      10.2       9.8       1.8       300                
       306      10.2       9.8       1.8       400                
       317      10.2       9.9       1.4       450                
       328      10.2       9.8       1.8       350                
       339      10.2       9.8       1.8       350                
       350      10.2       9.8       1.8       350                
       362      10.2       9.8       1.8       400                
       375      10.2       9.9       1.4       400                
       388      10.2       9.8       1.8       350                
       402      10.2       9.8       1.8       350                
       413      10.2       9.8       1.8       350                
       424      10.2       9.7       2.3       400                
       435      10.2       9.8       1.8       400                
       446      10.2       9.8       1.8       350                
       457      10.2       9.9       1.4       400                
       468      10.2       9.8       1.8       350                
       480      10.2       9.9       1.4       400                
       491      10.2       9.8       1.8       350                
