     Temps  Consigne  Position  Commande   Courant  Vit. Axe    Moteur
        ms    degrés    degrés     Volts        mA     rad/s     rad/s
         0       0.6       0.2       0.8       150                
         5      10.6       0.0      21.1      4700                
        17      10.6       0.8      21.1      4350                
        30      10.6       2.3      19.6      3350                
        40      10.6       4.2      15.2      1900                
        52      10.6       6.0      10.9       800                
        63      10.6       7.5       7.2       100                
        73      10.6       9.3       3.0      -650                
        85      10.6      10.9      -0.7     -1500                
        98      10.6      11.6      -2.4     -1550                
       112      10.6      12.0      -3.3     -1300                
       125      10.6      12.1      -3.6      -850                
       136      10.6      12.0      -3.3      -500                
       146      10.6      11.7      -2.6      -200                
       158      10.6      11.6      -2.4       -50                
       168      10.6      11.3      -1.5       100                
       182      10.6      11.1      -1.1       250                
       195      10.6      10.8      -0.5       350                
       207      10.6      10.7      -0.2       350                
       218      10.6      10.4       0.4       300                
       231      10.6      10.3       0.6       250                
       241      10.6      10.2       0.8       250                
       253      10.6      10.2       0.8       200                
       264      10.6      10.1       1.0       150                
       274      10.6      10.1       1.0       200                
       286      10.6      10.0       1.2       250                
       296      10.6      10.0       1.2       250                
       310      10.6      10.0       1.4       200                
       320      10.6      10.0       1.2       200                
       332      10.6      10.0       1.4       250                
       343      10.6      10.0       1.2       250                
       354      10.6      10.0       1.2       250                
       365      10.6      10.0       1.4       200                
       375      10.6      10.0       1.2       200                
       387      10.6      10.0       1.4       200                
       399      10.6      10.0       1.2       200                
       410      10.6      10.0       1.4       250                
       421      10.6      10.0       1.2       200                
       432      10.6      10.0       1.2       250                
       442      10.6      10.0       1.2       250                
       456      10.6      10.0       1.4       200                
       466      10.6      10.0       1.2       250                
       478      10.6      10.0       1.4       200                
       488      10.6      10.0       1.4       250                
       500      10.6      10.0       1.4       250                
       511      10.6      10.0       1.2       200                
       521      10.6      10.0       1.2       200                
       533      10.6      10.0       1.4       200                
       543      10.6      10.0       1.2       200                
       555      10.6      10.0       1.4       200                
       566      10.6      10.0       1.2       200                
       579      10.6      10.0       1.4       250                
       591      10.6      10.0       1.2       250                
       601      10.6      10.0       1.4       250                
       613      10.6      10.0       1.4       250                
       624      10.6      10.0       1.4       250                
       634      10.6      10.0       1.4       250                
       646      10.6      10.0       1.4       250                
       657      10.6      10.0       1.4       200                
       668      10.6      10.0       1.4       250                
       679      10.6      10.0       1.4       200                
       689      10.6      10.0       1.4       250                
       701      10.6      10.0       1.4       250                
       712      10.6      10.0       1.4       250                
       723      10.6      10.0       1.2       250                
       734      10.6      10.0       1.4       250                
       747      10.6      10.0       1.4       250                
       758      10.6      10.0       1.4       250                
       768      10.6      10.1       1.0       200                
       780      10.6      10.0       1.4       250                
       792      10.6      10.0       1.4       250                
       802      10.6      10.0       1.2       250                
       814      10.6      10.0       1.4       250                
       825      10.6      10.1       1.0       250                
       835      10.6      10.0       1.4       250                
       847      10.6      10.0       1.4       250                
       857      10.6      10.0       1.4       200                
       871      10.6      10.0       1.4       200                
       884      10.6      10.0       1.4       200                
       896      10.6      10.0       1.4       250                
       908      10.6      10.0       1.4       250                
       920      10.6      10.0       1.4       200                
       930      10.6      10.1       1.0       200                
       942      10.6      10.0       1.4       250                
       953      10.6      10.0       1.4       250                
       963      10.6      10.0       1.4       250                
       975      10.6      10.0       1.2       250                
       985      10.6      10.0       1.4       250                
       997      10.6      10.0       1.2       250                
      1009      10.6      10.0       1.4       250                
      1021      10.6      10.0       1.2       250                
      1032      10.6      10.0       1.4       250                
      1043      10.6      10.0       1.2       250                
      1054      10.6      10.0       1.4       250                
      1064      10.6      10.0       1.4       250                
      1076      10.6      10.0       1.2       200                
      1087      10.6      10.0       1.4       200                
      1098      10.6       9.9       1.7       250                
      1109      10.6      10.0       1.4       250                
      1119      10.6      10.0       1.4       250                
      1131      10.6      10.0       1.4       200                
      1145      10.6      10.0       1.4       250                
      1155      10.6      10.0       1.4       250                
      1167      10.6      10.0       1.2       250                
      1177      10.6      10.0       1.4       200                
      1189      10.6      10.0       1.4       200                
      1200      10.6      10.0       1.4       250                
      1210      10.6      10.0       1.4       250                
      1222      10.6      10.0       1.2       250                
      1232      10.6      10.0       1.4       200                
      1244      10.6      10.0       1.4       200                
      1255      10.6      10.0       1.4       250                
      1265      10.6      10.0       1.4       250                
      1277      10.6      10.0       1.4       200                
      1290      10.6      10.0       1.2       200                
      1301      10.6      10.0       1.4       200                
      1313      10.6      10.0       1.4       200                
      1323      10.6      10.0       1.4       250                
      1335      10.6      10.0       1.4       250                
      1346      10.6      10.0       1.2       200                
      1357      10.6      10.0       1.4       200                
      1368      10.6      10.0       1.4       250                
      1378      10.6      10.0       1.2       200                
      1390      10.6      10.0       1.4       250                
      1401      10.6      10.0       1.2       250                
      1412      10.6      10.0       1.4       200                
      1423      10.6      10.0       1.2       250                
      1436      10.6      10.0       1.4       250                
      1447      10.6      10.0       1.2       250                
      1457      10.6      10.0       1.4       200                
      1469      10.6      10.0       1.2       200                
      1479      10.6      10.0       1.4       250                
      1491      10.6      10.0       1.4       250                
